1111111111111111
1101111111111111
1100111111111111
1100011111111111
1100001111111111
1100000111111111
1100000011111111
1100000001111111
1100000000111111
1100000000011111
1100000000001111
1111110001111111
1111111000111111
1111111100011111
1111111110001111
1111111111000111
0000000000000000
0010000000000000
0011000000000000
0011100000000000
0011110000000000
0011111000000000
0011111100000000
0011111110000000
0011111111000000
0011111111100000
0011111111110000
0000001110000000
0000000111000000
0000000011100000
0000000001110000
0000000000111000
2
1
