1111111111111111
1111100000111111
1110011111001111
1100111111100111
1101111111110111
1011111011111011
1011111011111011
1011100000111011
1011111011111011
1011111011111011
1101111111110111
1100111111100111
1110011111001111
1111100000111111
1111111111111111
1111111111111111
0000000000000000
0000011111000000
0001100000110000
0011000000011000
0010000000001000
0100000100000100
0100000100000100
0100011111000100
0100000100000100
0100000100000100
0010000000001000
0011000000011000
0001100000110000
0000011111000000
0000000000000000
0000000000000000
7
7
