1111100000111111
1110011111001111
1101111111110111
1011111111111011
1011111111111011
0111111111111101
0111111111111101
0111111111111101
0111111111111101
0111111111111101
1011111111111011
1011111111111011
1101111111110111
1110011111001111
1111100000111111
1111111111111111
0000011111000000
0001100000110000
0010000000001000
0100000000000100
0100000000000100
1000000100000010
1000000100000010
1000011111000010
1000000100000010
1000000100000010
0100000000000100
0100000000000100
0010000000001000
0001100000110000
0000011111000000
0000000000000000
7
7
