1111111111111111
1111100000111111
1111011111011111
1110111111101111
1101111111110111
1011111011111011
1011111011111011
1011100000111011
1011111011111011
1011111011111011
1101111111110111
1110111111101111
1111011111011111
1111100000111111
1111111111111111
1111111111111111
0000000000000000
0000000000000000
0000000000000000
0000000000000000
0011100000111100
1111110001111111
1111111011111111
1111111111111111
1111111111111111
0011111111111100
0001111111111000
0000111111110000
0000001111000000
0000000110000000
0000000000000000
0000000000000000
7
13
