1111111111111111
1111111111111111
1111111111111111
1111111111111111
1100011111000011
0000001110000000
0000000100000000
0000000000000000
0000000000000000
1100000000000011
1110000000000111
1111100000011111
1111110000111111
1111111001111111
1111111111111111
1111111111111111
0000000000000000
0000000000000000
0000000000000000
0000000000000000
0011100000111100
1111110001111111
1111111011111111
1111111111111111
1111111111111111
0011111111111100
0001111111111000
0000111111110000
0000001111000000
0000000110000000
0000000000000000
0000000000000000
7
13
