1111111111111111
1111111111111111
1111111111111111
1111111111111111
1110000000000000
1111111111111110
1011111111111110
1011111111111110
1011111111111110
1011111111111110
1011111111111110
1011111111111110
1011111111111110
1000000000000000
1111111111111111
1111111111111111
0000000000000000
0000000000000000
0000000000000000
0100000000000000
1111111111111111
0100000000000001
0100000000000001
0100000000000001
0100000000000001
0100000000000001
0100000000000001
0100000000000001
0100000000000001
0111111111111111
0000000000000000
0000000000000000
1
4
